MAXIMIZE
210 145 320 95 410 260 180 375 240 130 290 360 155 205 420 88 305 195 270 330

SUBJECT TO
4 18 7 12 20 3 9 14 6 11 5 17 2 10 13 8 16 1 15 19 <= 2400
15 2 19 8 6 14 11 5 18 7 13 3 20 12 4 16 9 1 10 17 <= 2100
9 14 3 20 1 18 12 6 15 11 7 16 10 4 19 13 5 2 8 17 <= 2750
20 10 5 3 17 9 14 2 18 4 16 8 12 1 15 6 13 7 11 19 <= 2600
6 12 18 7 9 20 2 15 3 19 1 14 11 5 17 10 4 8 13 16 <= 2300
11 7 16 2 13 5 19 10 1 18 6 12 20 9 3 14 8 4 15 17 <= 2450
3 19 10 15 4 6 17 1 13 2 20 9 7 12 18 11 5 14 8 16 <= 2550
17 8 1 19 12 11 4 18 14 3 10 2 16 6 9 20 7 13 5 15 <= 2350
2 13 20 6 15 1 8 16 11 19 4 18 3 17 10 14 12 9 7 5 <= 2700
14 5 12 9 2 17 6 20 8 1 15 11 19 3 13 4 18 10 16 7 <= 2200
19 3 9 18 11 7 13 4 16 14 2 20 5 15 1 17 10 12 6 8 <= 2850
8 16 14 1 10 2 20 9 5 12 18 6 4 19 7 15 11 3 13 17 <= 2500
5 4 11 17 8 13 3 7 19 16 20 1 14 2 12 9 18 10 6 15 <= 2400
10 6 2 13 19 15 1 11 17 5 9 8 16 20 14 3 4 18 12 7 <= 2650
13 1 8 4 16 12 10 2 20 18 11 14 6 9 5 19 15 7 3 17 <= 2550
7 20 15 10 3 19 2 13 9 6 12 5 18 11 1 16 4 14 17 8 <= 2700
12 9 13 14 5 10 16 17 2 20 3 15 8 1 18 11 19 6 4 7 <= 2600
1 11 6 16 20 8 5 19 10 2 14 13 17 15 9 7 12 18 3 4 <= 2350
16 17 4 11 14 21 0 8 12 3 1 19 2 6 20 5 10 9 13 7 <= 2800
18 21 17 0 7 16 15 12 4 10 13 2 9 14 6 1 19 5 11 8 <= 2900
21 15 21 20 18 14 13 11 9 7 5 3 1 2 4 6 8 10 12 16 <= 3000
6 2 3 8 9 5 7 14 20 15 18 10 11 12 1 4 13 16 17 19 <= 2250
9 10 19 5 12 21 8 6 3 17 14 4 20 2 11 13 1 15 18 7 <= 2750
3 18 2 21 6 4 11 10 16 9 12 7 14 5 19 8 20 13 15 1 <= 2450
17 14 5 19 13 9 3 2 1 4 6 11 18 16 12 15 20 7 8 10 <= 2600
11 1 18 12 2 17 21 13 5 6 9 14 7 3 10 20 4 19 15 8 <= 2700
2 7 20 15 11 6 14 21 13 18 16 19 12 9 5 3 8 1 4 10 <= 2850
14 12 9 6 21 20 17 16 15 4 2 1 3 8 7 13 11 5 10 18 <= 2950
8 5 4 2 10 13 6 3 7 12 21 11 19 16 20 15 9 14 18 1 <= 2300
20 19 16 18 15 2 12 9 11 10 8 7 5 4 3 1 6 14 13 17 <= 3000
5 3 14 21 19 18 10 20 2 8 7 16 15 12 11 17 1 6 9 4 <= 2850
13 6 21 17 4 1 19 18 14 20 10 2 16 15 12 11 5 3 8 9 <= 2900
7 4 8 10 16 11 2 5 21 19 13 6 9 18 20 14 12 17 1 15 <= 2650